4.959586e-08
4.665685e-08
5.290225e-08
5.466566e-08
6.370313e-08
8.963992e-08
1.146215e-07
1.579720e-07
2.145480e-07
3.005142e-07
4.041144e-07
5.481261e-07
7.641436e-07
1.028655e-06
1.359294e-06
1.785451e-06
2.373254e-06
3.100660e-06
3.938279e-06
5.025714e-06
6.296837e-06
7.641436e-06
9.257894e-06
1.109478e-05
1.307861e-05
1.476854e-05
1.623805e-05
1.756061e-05
1.851579e-05
1.888316e-05
1.858926e-05
1.748713e-05
1.623805e-05
1.484202e-05
1.359294e-05
1.227038e-05
1.094783e-05
9.919172e-06
8.963992e-06
8.082288e-06
7.222627e-06
6.458483e-06
5.628212e-06
4.849373e-06
4.033797e-06
3.365171e-06
2.792063e-06
2.321821e-06
1.880969e-06
1.550330e-06
1.271124e-06
1.028655e-06
8.229239e-07
6.495221e-07
5.011019e-07
3.864803e-07
2.946361e-07
2.218955e-07
1.667890e-07
1.204996e-07
8.743566e-08
6.289490e-08
4.114619e-08
3.063922e-08
2.358559e-08
1.594415e-08
1.491550e-08
1.146215e-08
1.080088e-08
1.204996e-08
9.992647e-09
8.155764e-09
1.094783e-08
6.833207e-09
7.288754e-09
9.257894e-09
8.449665e-09
7.421010e-09
6.186624e-09
5.745772e-09
6.274795e-09
5.429828e-09
3.739895e-09
4.151357e-09
3.622335e-09
4.070534e-09
3.739895e-09
3.254958e-09
3.218220e-09
3.475384e-09
1.689933e-09
4.871416e-09
5.062451e-09
2.358559e-09
2.770021e-09
4.842025e-09
2.593680e-09
2.777368e-09
3.115355e-09
3.850108e-09
4.298308e-09
4.658337e-09
3.681115e-09
3.570902e-09
2.182218e-09
3.519469e-09
2.828801e-09
2.130785e-09
2.608375e-09
2.850843e-09
3.938279e-09
3.027184e-09
3.144745e-09
4.232180e-09
3.372518e-09
4.673032e-09
5.473913e-09
5.290225e-09
4.717117e-09
4.371783e-09
5.488608e-09
5.459218e-09
5.275530e-09
5.613517e-09
4.033797e-09
4.070534e-09
5.878028e-09
5.099189e-09
3.776633e-09
3.989711e-09
3.886846e-09
3.938279e-09
2.902276e-09
2.975752e-09
2.417339e-09
1.748713e-09
2.013225e-09
2.645113e-09
1.520940e-09
1.763408e-09
1.058045e-09
9.625271e-10
1.138868e-09
1.050697e-09
2.578985e-10
0.000000e+00
0.000000e+00
7.567961e-10
1.212343e-09
5.231445e-10
2.307126e-10
7.016896e-11
2.843496e-10
8.229239e-11
1.601763e-09
7.935338e-10
4.628947e-10
6.524611e-10
1.036002e-11
1.300514e-10
1.572372e-09
1.807494e-09
4.158705e-10
0.000000e+00
8.963992e-11
8.890517e-10
1.138868e-09
1.094783e-09
8.229239e-10
8.376190e-10
6.943420e-10
6.950768e-10
1.609110e-10
1.947097e-10
0.000000e+00
4.173400e-10
0.000000e+00
1.469507e-09
7.641436e-10
0.000000e+00
8.449665e-10
1.212343e-09
5.282877e-10
0.000000e+00
0.000000e+00
4.871416e-10
0.000000e+00
7.641436e-11
7.788387e-10
0.000000e+00
5.569431e-11
0.000000e+00
2.792063e-10
1.667890e-10
0.000000e+00
2.248346e-10
1.903011e-10
1.153563e-09
5.495956e-10
0.000000e+00
1.697281e-10
0.000000e+00
0.000000e+00
2.116090e-10
0.000000e+00
0.000000e+00
1.050697e-09
4.166052e-10
0.000000e+00
6.767079e-10
1.572372e-10
8.008813e-10
4.173400e-10
6.069064e-10
6.943420e-10
1.146215e-09
0.000000e+00
9.919172e-10
6.502568e-10
0.000000e+00
3.005142e-10
1.087435e-09
8.376190e-10
5.628212e-10
7.935338e-10
1.153563e-09
7.641436e-10
1.506245e-09
2.072005e-09
1.697281e-09
2.189565e-09
2.894929e-09
2.747978e-09
2.468772e-09
2.696545e-09
2.608375e-09
3.269653e-09
4.357088e-09
4.232180e-09
3.592944e-09
3.622335e-09
4.496691e-09
5.356353e-09
4.408521e-09
4.636294e-09
5.055104e-09
4.988976e-09
4.864068e-09
5.437176e-09
5.040409e-09
4.673032e-09
4.224832e-09
3.681115e-09
4.144010e-09
3.159440e-09
3.637030e-09
2.343864e-09
1.476854e-09
2.652460e-09
1.124173e-09
1.182953e-09
1.146215e-09
7.567961e-10
5.319615e-10
1.565025e-09
0.000000e+00
0.000000e+00
0.000000e+00
2.880234e-10
0.000000e+00
0.000000e+00
0.000000e+00
1.851579e-10
1.241733e-09
4.246875e-10
1.785451e-10
1.756061e-10
0.000000e+00
1.028655e-10
1.300514e-09
0.000000e+00
0.000000e+00
1.961792e-10
3.475384e-10
8.743566e-10
5.047756e-10
0.000000e+00
0.000000e+00
3.622335e-10
3.710505e-10
5.451871e-10
1.036002e-09
1.961792e-09
4.628947e-10
1.726671e-11
7.421010e-11
4.526081e-11
0.000000e+00
7.861862e-10
3.431299e-11
0.000000e+00
4.886111e-10
1.734018e-09
2.409991e-10
0.000000e+00
3.254958e-10
0.000000e+00
2.417339e-09
4.283613e-11
0.000000e+00
0.000000e+00
0.000000e+00
0.000000e+00
0.000000e+00
5.246140e-10
5.914765e-10
6.583391e-10
1.043350e-09
1.182953e-09
3.791328e-10
8.008813e-10
0.000000e+00
5.202055e-10
0.000000e+00
0.000000e+00
6.333575e-10
0.000000e+00
7.788387e-10
1.991182e-09
0.000000e+00
0.000000e+00
0.000000e+00
0.000000e+00
9.698746e-10
1.006612e-09
1.013960e-09
4.166052e-10
0.000000e+00
0.000000e+00
1.080088e-09
1.315209e-09
1.028655e-10
0.000000e+00
0.000000e+00
0.000000e+00
0.000000e+00
0.000000e+00
0.000000e+00
2.880234e-09
1.792798e-09
0.000000e+00
8.302714e-10
1.065393e-09
0.000000e+00
0.000000e+00
2.035267e-11
0.000000e+00
4.166052e-10
3.607640e-09
2.828801e-09
2.556942e-09
2.483467e-10
0.000000e+00
4.775898e-09
0.000000e+00
3.695810e-10
3.152092e-09
0.000000e+00
2.005877e-09
3.975016e-09
0.000000e+00
0.000000e+00
3.196178e-09
3.306391e-09
8.302714e-10
1.513592e-09
4.055839e-09
9.551795e-10
2.042615e-09
0.000000e+00
2.836148e-10
6.943420e-09
1.432769e-09
0.000000e+00
2.711240e-09
0.000000e+00
0.000000e+00
3.703158e-09
0.000000e+00
0.000000e+00
2.277736e-09
0.000000e+00
7.861862e-10
4.452606e-09
7.641436e-09
6.054369e-10
1.359294e-10
0.000000e+00
0.000000e+00
0.000000e+00
1.403379e-08
