0.000000e+00
1.790000e-08
6.540000e-10
0.000000e+00
0.000000e+00
7.050000e-09
0.000000e+00
0.000000e+00
0.000000e+00
0.000000e+00
3.650000e-09
0.000000e+00
1.050000e-08
8.300000e-09
0.000000e+00
5.570000e-09
2.700000e-09
0.000000e+00
0.000000e+00
0.000000e+00
1.270000e-08
4.250000e-08
1.130000e-08
0.000000e+00
2.270000e-08
2.830000e-08
2.760000e-08
5.560000e-09
1.300000e-08
1.060000e-08
1.180000e-08
2.760000e-08
2.560000e-08
1.650000e-08
3.440000e-08
3.910000e-09
9.710000e-09
1.530000e-08
1.490000e-08
7.760000e-09
7.310000e-09
0.000000e+00
1.960000e-08
9.030000e-09
3.610000e-09
5.170000e-09
1.200000e-09
8.680000e-09
1.140000e-08
0.000000e+00
2.750000e-09
1.130000e-08
3.670000e-09
1.570000e-08
9.700000e-09
8.330000e-09
2.570000e-09
0.000000e+00
8.760000e-09
7.720000e-09
0.000000e+00
4.410000e-09
1.380000e-08
5.520000e-09
0.000000e+00
9.180000e-09
5.430000e-10
3.420000e-10
0.000000e+00
0.000000e+00
0.000000e+00
5.740000e-09
9.840000e-10
1.250000e-09
0.000000e+00
3.050000e-09
4.950000e-09
6.670000e-09
1.960000e-09
0.000000e+00
2.920000e-09
6.450000e-09
1.790000e-09
5.000000e-09
6.750000e-09
7.770000e-09
1.350000e-09
5.430000e-09
5.590000e-09
1.730000e-09
4.890000e-09
4.520000e-09
6.770000e-09
3.810000e-09
1.920000e-09
6.710000e-09
1.160000e-09
4.590000e-09
0.000000e+00
1.070000e-09
6.940000e-09
8.740000e-09
9.260000e-09
4.020000e-09
3.660000e-09
0.000000e+00
9.720000e-09
7.550000e-09
5.320000e-09
0.000000e+00
3.940000e-09
6.820000e-09
5.060000e-09
9.130000e-09
9.600000e-09
1.180000e-08
3.590000e-09
8.270000e-09
3.010000e-09
0.000000e+00
0.000000e+00
7.780000e-09
5.540000e-09
1.390000e-09
5.110000e-09
3.540000e-09
0.000000e+00
0.000000e+00
2.060000e-09
9.170000e-09
2.070000e-09
6.640000e-10
3.780000e-09
9.940000e-10
0.000000e+00
0.000000e+00
4.160000e-10
0.000000e+00
1.690000e-09
1.100000e-08
1.290000e-08
1.820000e-08
3.200000e-08
6.040000e-08
1.070000e-07
1.760000e-07
2.740000e-07
4.150000e-07
5.980000e-07
8.550000e-07
1.170000e-06
1.560000e-06
2.040000e-06
2.610000e-06
3.260000e-06
4.000000e-06
4.820000e-06
5.730000e-06
6.710000e-06
7.720000e-06
8.730000e-06
9.740000e-06
1.070000e-05
1.170000e-05
1.260000e-05
1.350000e-05
1.430000e-05
1.500000e-05
1.570000e-05
1.620000e-05
1.680000e-05
1.730000e-05
1.760000e-05
1.800000e-05
1.820000e-05
1.850000e-05
1.860000e-05
1.860000e-05
1.860000e-05
1.850000e-05
1.840000e-05
1.820000e-05
1.800000e-05
1.770000e-05
1.730000e-05
1.710000e-05
1.680000e-05
1.660000e-05
1.640000e-05
1.620000e-05
1.610000e-05
1.600000e-05
1.590000e-05
1.570000e-05
1.550000e-05
1.520000e-05
1.490000e-05
1.460000e-05
1.420000e-05
1.370000e-05
1.330000e-05
1.280000e-05
1.240000e-05
1.190000e-05
1.150000e-05
1.110000e-05
1.070000e-05
1.030000e-05
9.790000e-06
9.330000e-06
8.830000e-06
8.340000e-06
7.840000e-06
7.350000e-06
6.890000e-06
6.460000e-06
6.000000e-06
5.570000e-06
5.140000e-06
4.740000e-06
4.330000e-06
3.960000e-06
3.600000e-06
3.230000e-06
2.890000e-06
2.540000e-06
2.240000e-06
1.950000e-06
1.680000e-06
1.440000e-06
1.210000e-06
1.010000e-06
8.430000e-07
6.980000e-07
5.690000e-07
4.610000e-07
3.760000e-07
3.020000e-07
2.550000e-07
2.130000e-07
1.810000e-07
1.610000e-07
1.440000e-07
1.330000e-07
1.290000e-07
1.230000e-07
1.150000e-07
1.140000e-07
1.030000e-07
1.060000e-07
9.700000e-08
9.440000e-08
9.620000e-08
8.540000e-08
8.870000e-08
8.490000e-08
7.860000e-08
7.930000e-08
7.160000e-08
7.160000e-08
6.920000e-08
6.630000e-08
6.480000e-08
6.190000e-08
6.160000e-08
5.690000e-08
5.380000e-08
5.470000e-08
5.160000e-08
5.630000e-08
5.670000e-08
5.100000e-08
4.780000e-08
4.130000e-08
4.900000e-08
4.520000e-08
4.220000e-08
4.050000e-08
3.850000e-08
3.360000e-08
3.280000e-08
2.910000e-08
2.950000e-08
2.690000e-08
2.030000e-08
1.990000e-08
1.030000e-08
1.270000e-08
6.270000e-09
9.530000e-10
0.000000e+00
5.970000e-09
7.360000e-09
4.430000e-09
1.060000e-08
7.430000e-09
0.000000e+00
4.940000e-09
1.570000e-08
9.770000e-09
4.060000e-09
3.780000e-09
8.530000e-09
4.810000e-09
4.630000e-10
0.000000e+00
1.310000e-08
3.810000e-09
8.680000e-09
2.450000e-09
6.050000e-09
9.970000e-09
1.300000e-08
0.000000e+00
5.510000e-09
1.020000e-08
0.000000e+00
3.940000e-09
7.180000e-09
0.000000e+00
9.750000e-09
5.160000e-09
1.300000e-09
1.440000e-09
0.000000e+00
4.650000e-09
4.180000e-09
2.870000e-09
2.770000e-09
5.890000e-09
1.350000e-08
1.020000e-08
0.000000e+00
6.630000e-09
5.630000e-09
9.480000e-10
8.360000e-09
4.610000e-09
4.840000e-09
4.400000e-09
8.850000e-10
5.120000e-09
5.700000e-09
3.840000e-09
1.180000e-08
2.050000e-08
0.000000e+00
2.370000e-08
0.000000e+00
3.330000e-09
6.120000e-10
4.140000e-09
3.520000e-09
5.230000e-09
6.760000e-09
1.080000e-09
9.350000e-09
0.000000e+00
3.720000e-09
0.000000e+00
9.250000e-09
0.000000e+00
0.000000e+00
1.150000e-08
9.230000e-09
1.770000e-08
3.050000e-09
1.570000e-08
0.000000e+00
0.000000e+00
0.000000e+00
2.810000e-08
9.390000e-09
0.000000e+00
1.500000e-09
1.710000e-08
0.000000e+00
0.000000e+00
1.220000e-08
2.760000e-08
2.020000e-08
0.000000e+00
1.360000e-08
3.760000e-08
8.630000e-08
7.790000e-08
2.120000e-08
2.860000e-08
4.660000e-09
0.000000e+00
3.140000e-09
1.680000e-08
2.580000e-08
9.430000e-09
0.000000e+00
0.000000e+00
2.810000e-08
7.710000e-08
6.670000e-08
3.870000e-08
0.000000e+00
