1.349023e-08
0.000000e+00
0.000000e+00
0.000000e+00
1.659653e-08
0.000000e+00
4.304448e-09
6.904868e-09
9.318909e-10
1.207021e-08
4.774831e-09
1.295772e-08
7.055745e-09
4.197946e-09
0.000000e+00
5.014460e-09
9.585163e-09
0.000000e+00
0.000000e+00
1.650778e-08
1.606402e-08
1.854907e-08
1.890407e-08
1.251396e-08
7.393001e-09
8.440269e-10
4.038194e-09
8.023137e-09
2.733547e-08
1.899282e-08
1.588652e-08
9.052654e-09
0.000000e+00
1.704029e-08
7.268749e-09
0.000000e+00
2.067910e-08
1.304647e-08
1.162645e-08
1.473275e-08
1.810531e-09
1.863782e-09
4.002693e-10
0.000000e+00
6.425609e-09
1.065018e-08
1.002892e-08
6.656363e-09
1.615278e-08
1.437774e-08
1.002892e-08
1.934783e-09
8.422518e-09
1.819406e-08
1.322398e-08
1.295772e-08
4.224572e-09
9.762666e-09
8.165139e-09
1.331273e-08
1.127144e-08
2.600419e-08
1.313522e-08
2.076785e-08
2.325290e-08
1.446650e-08
1.473275e-08
2.875549e-08
3.825190e-08
4.490826e-08
3.967193e-08
4.836957e-08
5.910851e-08
4.881333e-08
7.268749e-08
8.813025e-08
9.585163e-08
1.171520e-07
1.428899e-07
1.641903e-07
1.917033e-07
2.280914e-07
2.698046e-07
3.283806e-07
3.869566e-07
4.641704e-07
5.404967e-07
6.079479e-07
7.002494e-07
7.907760e-07
9.052654e-07
1.038393e-06
1.180395e-06
1.366773e-06
1.588652e-06
1.846031e-06
2.094536e-06
2.422916e-06
2.742422e-06
3.132928e-06
3.541185e-06
4.038194e-06
4.570703e-06
5.209714e-06
5.928601e-06
6.709614e-06
7.570504e-06
8.511270e-06
9.496412e-06
1.047268e-05
1.153770e-05
1.269147e-05
1.384524e-05
1.499901e-05
1.633028e-05
1.766155e-05
1.908157e-05
2.076785e-05
2.245413e-05
2.431791e-05
2.627045e-05
2.831173e-05
3.026427e-05
3.203930e-05
3.363682e-05
3.479059e-05
3.541185e-05
3.567811e-05
3.550060e-05
3.487934e-05
3.372557e-05
3.212805e-05
3.008676e-05
2.786797e-05
2.529418e-05
2.236538e-05
1.952533e-05
1.677404e-05
1.402274e-05
1.127144e-05
8.963903e-06
6.887117e-06
5.120962e-06
3.638812e-06
2.431791e-06
1.588652e-06
1.029518e-06
6.443360e-07
4.286698e-07
3.026427e-07
2.325290e-07
1.943658e-07
1.739530e-07
1.588652e-07
1.517651e-07
1.437774e-07
1.357898e-07
1.295772e-07
1.233646e-07
1.153770e-07
1.136019e-07
1.136019e-07
1.011767e-07
8.963903e-08
8.963903e-08
8.387018e-08
7.650380e-08
6.895992e-08
6.913743e-08
6.123854e-08
5.591345e-08
5.138712e-08
4.819207e-08
4.526327e-08
3.274931e-08
3.248305e-08
3.869566e-08
3.789690e-08
2.831173e-08
2.591544e-08
2.662545e-08
2.476167e-08
2.529418e-08
2.556044e-08
1.366773e-08
1.491025e-08
1.695154e-08
1.606402e-08
1.091644e-08
1.295772e-08
1.624153e-08
1.464400e-08
6.727365e-09
1.011767e-08
7.464002e-09
6.532111e-09
9.673915e-09
1.073893e-08
1.002892e-08
7.810133e-09
3.621062e-09
5.573595e-09
5.582470e-09
6.895992e-09
5.635721e-09
7.774632e-09
3.931692e-09
3.274931e-09
6.301357e-09
3.461309e-09
4.952334e-09
2.999801e-09
1.180395e-10
5.919726e-10
3.905066e-09
0.000000e+00
1.109394e-09
1.171520e-09
1.242521e-09
4.615079e-09
4.206822e-09
5.271840e-09
1.269147e-09
1.686279e-09
3.780814e-09
0.000000e+00
5.413842e-09
2.822298e-10
5.112087e-10
6.558737e-09
8.103013e-10
1.961408e-09
2.564919e-09
4.650579e-09
5.094337e-09
3.053052e-09
5.591345e-09
3.381433e-09
2.999801e-09
2.999801e-10
2.662545e-09
1.109394e-08
9.407660e-09
1.278022e-08
5.520344e-09
3.984943e-09
9.762666e-09
1.233646e-08
6.141605e-09
9.585163e-09
8.582271e-09
9.318909e-09
5.511469e-09
3.727563e-09
1.047268e-08
8.963903e-09
7.171122e-09
3.337057e-09
7.765757e-09
7.144497e-09
6.168230e-09
2.822298e-09
5.866475e-09
4.437576e-09
4.091445e-09
0.000000e+00
8.875151e-09
1.881532e-09
3.612186e-09
3.505685e-09
1.881532e-09
4.393200e-09
8.608897e-09
3.567811e-09
7.934385e-09
5.937476e-09
1.650778e-09
3.905066e-10
2.502793e-09
6.230356e-09
2.449542e-09
1.517651e-11
4.357699e-09
9.940169e-09
7.934385e-09
5.697847e-09
7.082371e-09
8.333767e-09
2.848924e-09
4.002693e-09
1.233646e-09
3.177304e-09
1.011767e-08
3.230555e-09
4.490826e-09
5.076586e-09
7.774632e-09
8.014261e-09
1.109394e-08
0.000000e+00
7.890009e-09
4.650579e-09
4.135820e-09
7.446252e-09
5.298465e-09
1.109394e-08
6.860492e-09
4.171321e-09
6.203731e-09
8.671023e-09
4.473076e-09
4.242322e-09
2.964300e-09
4.712705e-09
3.576686e-09
1.899282e-09
5.857600e-09
7.037995e-09
9.673915e-09
1.331273e-08
1.854907e-09
1.384524e-08
2.662545e-09
8.502395e-09
1.313522e-08
6.718489e-09
4.907959e-09
4.224572e-09
7.126746e-09
9.407660e-09
8.679898e-09
6.398984e-09
6.327983e-10
7.801258e-09
3.984943e-09
6.336858e-09
7.508378e-09
4.348824e-09
6.026228e-09
2.005784e-09
0.000000e+00
4.286698e-09
3.603311e-09
0.000000e+00
1.118269e-08
1.650778e-08
7.668131e-09
0.000000e+00
1.047268e-08
3.825190e-09
4.588453e-09
9.141406e-09
1.162645e-08
1.393399e-08
2.351915e-08
1.721779e-09
1.313522e-08
0.000000e+00
3.132928e-10
0.000000e+00
4.428700e-09
5.005585e-09
0.000000e+00
0.000000e+00
5.724472e-10
1.588652e-08
1.464400e-08
5.529219e-09
6.469985e-09
1.278022e-08
0.000000e+00
0.000000e+00
2.928800e-11
2.103411e-08
0.000000e+00
0.000000e+00
2.635920e-08
1.553151e-08
1.464400e-08
1.446650e-08
1.686279e-08
4.295573e-08
3.186179e-08
1.366773e-09
0.000000e+00
0.000000e+00
0.000000e+00
2.059035e-08
0.000000e+00
0.000000e+00
8.644397e-09
1.402274e-08
0.000000e+00
0.000000e+00
1.890407e-09
3.461309e-08
1.091644e-08
1.091644e-08
6.904868e-09
0.000000e+00
0.000000e+00
