0.000000e+00
0.000000e+00
8.550000e-08
5.370000e-09
0.000000e+00
6.460000e-09
1.620000e-08
0.000000e+00
0.000000e+00
0.000000e+00
0.000000e+00
0.000000e+00
2.090000e-09
1.980000e-08
0.000000e+00
0.000000e+00
1.040000e-08
0.000000e+00
2.190000e-08
1.160000e-08
0.000000e+00
4.980000e-08
1.290000e-08
0.000000e+00
2.620000e-08
0.000000e+00
0.000000e+00
8.820000e-09
1.340000e-08
1.300000e-10
0.000000e+00
0.000000e+00
0.000000e+00
0.000000e+00
0.000000e+00
1.460000e-08
0.000000e+00
0.000000e+00
0.000000e+00
0.000000e+00
1.150000e-08
0.000000e+00
9.650000e-09
1.150000e-09
0.000000e+00
2.020000e-08
1.560000e-08
0.000000e+00
0.000000e+00
3.850000e-09
0.000000e+00
0.000000e+00
0.000000e+00
6.210000e-09
1.340000e-08
3.230000e-09
0.000000e+00
6.490000e-09
2.210000e-09
0.000000e+00
1.340000e-09
0.000000e+00
0.000000e+00
0.000000e+00
0.000000e+00
2.070000e-08
1.610000e-09
2.070000e-08
9.310000e-09
0.000000e+00
3.040000e-08
2.780000e-08
4.050000e-08
2.820000e-08
2.810000e-08
0.000000e+00
0.000000e+00
0.000000e+00
1.990000e-08
0.000000e+00
0.000000e+00
0.000000e+00
2.760000e-08
2.300000e-09
5.610000e-09
0.000000e+00
9.130000e-09
0.000000e+00
0.000000e+00
0.000000e+00
8.360000e-09
4.240000e-09
1.190000e-08
8.650000e-09
5.920000e-09
1.120000e-09
1.750000e-08
4.640000e-09
1.160000e-09
0.000000e+00
1.180000e-08
1.190000e-08
9.940000e-09
6.500000e-09
1.070000e-08
0.000000e+00
0.000000e+00
0.000000e+00
1.540000e-08
2.150000e-09
1.190000e-08
5.150000e-09
3.190000e-09
0.000000e+00
4.740000e-09
3.270000e-09
1.600000e-08
8.490000e-09
1.590000e-08
4.750000e-09
1.280000e-08
0.000000e+00
1.220000e-08
1.020000e-08
5.220000e-09
0.000000e+00
3.050000e-09
8.260000e-09
3.880000e-09
1.580000e-08
5.390000e-09
1.050000e-08
6.490000e-09
6.200000e-09
6.870000e-09
0.000000e+00
0.000000e+00
2.590000e-10
1.090000e-08
0.000000e+00
1.890000e-08
7.690000e-09
1.300000e-08
4.980000e-10
7.750000e-09
2.310000e-09
0.000000e+00
0.000000e+00
6.940000e-09
0.000000e+00
0.000000e+00
0.000000e+00
0.000000e+00
6.260000e-09
0.000000e+00
0.000000e+00
6.600000e-09
1.360000e-08
6.060000e-09
5.590000e-09
0.000000e+00
0.000000e+00
0.000000e+00
1.020000e-08
5.170000e-09
1.030000e-09
0.000000e+00
0.000000e+00
0.000000e+00
0.000000e+00
1.960000e-09
9.540000e-09
0.000000e+00
2.990000e-09
0.000000e+00
0.000000e+00
1.790000e-09
1.030000e-08
8.480000e-09
0.000000e+00
3.670000e-09
3.850000e-09
2.180000e-09
2.390000e-09
9.770000e-10
1.320000e-09
9.520000e-09
1.760000e-09
1.420000e-08
1.340000e-08
5.800000e-09
1.460000e-08
1.660000e-08
1.130000e-08
1.490000e-08
1.680000e-08
1.250000e-08
1.880000e-08
2.150000e-08
2.220000e-08
1.820000e-08
2.800000e-08
2.480000e-08
2.440000e-08
4.220000e-08
4.530000e-08
5.230000e-08
5.860000e-08
9.400000e-08
1.180000e-07
1.420000e-07
1.820000e-07
2.380000e-07
3.030000e-07
3.990000e-07
4.950000e-07
6.230000e-07
7.810000e-07
9.660000e-07
1.180000e-06
1.460000e-06
1.780000e-06
2.140000e-06
2.580000e-06
3.110000e-06
3.750000e-06
4.450000e-06
5.260000e-06
6.140000e-06
7.160000e-06
8.330000e-06
9.680000e-06
1.120000e-05
1.270000e-05
1.440000e-05
1.630000e-05
1.820000e-05
2.040000e-05
2.260000e-05
2.490000e-05
2.730000e-05
2.990000e-05
3.270000e-05
3.560000e-05
3.880000e-05
4.210000e-05
4.520000e-05
4.770000e-05
4.910000e-05
4.930000e-05
4.790000e-05
4.510000e-05
4.110000e-05
3.620000e-05
3.090000e-05
2.590000e-05
2.130000e-05
1.740000e-05
1.410000e-05
1.150000e-05
9.310000e-06
7.530000e-06
6.150000e-06
5.010000e-06
4.090000e-06
3.330000e-06
2.750000e-06
2.360000e-06
1.850000e-06
1.470000e-06
1.220000e-06
1.030000e-06
8.480000e-07
7.020000e-07
5.890000e-07
4.820000e-07
3.780000e-07
3.060000e-07
2.590000e-07
2.130000e-07
1.780000e-07
1.530000e-07
1.360000e-07
1.040000e-07
6.550000e-08
4.630000e-08
1.880000e-08
1.550000e-08
0.000000e+00
3.870000e-09
0.000000e+00
3.470000e-09
8.050000e-09
7.240000e-09
9.840000e-09
0.000000e+00
0.000000e+00
0.000000e+00
5.940000e-09
0.000000e+00
3.560000e-09
0.000000e+00
0.000000e+00
0.000000e+00
6.750000e-09
5.570000e-09
7.340000e-09
4.860000e-09
2.690000e-08
2.690000e-08
1.780000e-08
3.660000e-09
2.150000e-09
5.210000e-09
7.380000e-10
0.000000e+00
0.000000e+00
0.000000e+00
1.640000e-08
2.160000e-08
7.030000e-09
0.000000e+00
0.000000e+00
3.910000e-09
0.000000e+00
0.000000e+00
0.000000e+00
0.000000e+00
2.880000e-08
0.000000e+00
0.000000e+00
0.000000e+00
5.950000e-09
0.000000e+00
0.000000e+00
0.000000e+00
4.870000e-09
0.000000e+00
0.000000e+00
6.460000e-09
1.040000e-08
1.590000e-08
2.050000e-08
0.000000e+00
1.320000e-08
0.000000e+00
2.390000e-09
0.000000e+00
0.000000e+00
2.830000e-09
1.940000e-09
0.000000e+00
2.320000e-09
1.480000e-08
9.470000e-09
0.000000e+00
9.810000e-09
9.120000e-09
0.000000e+00
0.000000e+00
0.000000e+00
0.000000e+00
0.000000e+00
0.000000e+00
2.460000e-08
0.000000e+00
0.000000e+00
2.420000e-08
0.000000e+00
0.000000e+00
0.000000e+00
3.230000e-08
0.000000e+00
0.000000e+00
0.000000e+00
2.410000e-08
0.000000e+00
0.000000e+00
0.000000e+00
0.000000e+00
1.680000e-08
4.290000e-08
6.690000e-08
0.000000e+00
0.000000e+00
0.000000e+00
1.850000e-08
4.170000e-08
0.000000e+00
0.000000e+00
0.000000e+00
1.500000e-08
6.370000e-08
0.000000e+00
0.000000e+00
0.000000e+00
3.470000e-08
0.000000e+00
0.000000e+00
5.740000e-08
0.000000e+00
